{
  "results_by_k": {
    "4": {
      "penalty_lambda": 0.01,
      "penalty_search_diag": {
        "tries": [
          {
            "try_id": 0,
            "lo": 0.005,
            "hi": 0.4,
            "n_grid": 80,
            "found_exact": true,
            "pl": 0.01,
            "size": 4,
            "idx": 17184,
            "cost": -1.429290362846316
          }
        ]
      },
      "qubo_scale": 1.0,
      "best_size_at_lambda": 4,
      "exact_hit_size_eq_k": true,
      "methods": {
        "Exact_Enumerated_QUBO": {
          "r2": 0.5556590525985221,
          "rmse": 24.1216011595836,
          "bias": 2.2638299178295127,
          "features": [
            "canopy_height",
            "NDVI_seca",
            "NDWI_seca",
            "NDVI_RE_seca"
          ],
          "indices": [
            0,
            5,
            6,
            9
          ],
          "selected_size": 4,
          "qubo_cost": -1.429290362846316,
          "subset_hash": "7652510104c58dd3"
        },
        "Simulated_Annealing": {
          "r2": 0.5634749262560373,
          "rmse": 23.908512743199427,
          "bias": 1.9629443098309045,
          "features": [
            "canopy_height",
            "NDVI_seca",
            "NDWI_seca",
            "NDVI_RE_seca"
          ],
          "indices": [
            0,
            5,
            6,
            9
          ],
          "selected_size": 4,
          "qubo_cost": -1.4292903628463156,
          "subset_hash": "7652510104c58dd3"
        },
        "Genetic_Algorithm": {
          "r2": 0.5725187561332055,
          "rmse": 23.65955087196049,
          "bias": 2.0391024489350973,
          "features": [
            "canopy_height",
            "NDVI_seca",
            "NDWI_seca",
            "NDVI_RE_seca"
          ],
          "indices": [
            0,
            5,
            6,
            9
          ],
          "selected_size": 4,
          "qubo_cost": -1.429290362846316,
          "subset_hash": "7652510104c58dd3"
        },
        "RF_topK": {
          "r2": 0.5587925111050793,
          "rmse": 24.036398836985015,
          "bias": 2.093176349841516,
          "features": [
            "canopy_height",
            "NDWI_seca",
            "NDVI_RE_seca",
            "NDVI_seca"
          ],
          "indices": [
            0,
            6,
            9,
            5
          ],
          "selected_size": 4,
          "subset_hash": "7652510104c58dd3"
        },
        "ET_topK": {
          "r2": 0.5619159110447726,
          "rmse": 23.951168384906023,
          "bias": 2.0478418598583215,
          "features": [
            "canopy_height",
            "NDWI_seca",
            "NDVI_RE_seca",
            "NDVI_seca"
          ],
          "indices": [
            0,
            6,
            9,
            5
          ],
          "selected_size": 4,
          "subset_hash": "7652510104c58dd3"
        },
        "QAOA_Simulado": {
          "status": "ok",
          "r2": 0.5646747134953607,
          "rmse": 23.875633914928525,
          "bias": 1.997926151441874,
          "qubo_cost": -1.4292903628463156,
          "features": [
            "canopy_height",
            "NDVI_seca",
            "NDWI_seca",
            "NDVI_RE_seca"
          ],
          "selected_size": 4,
          "subset_hash": "7652510104c58dd3",
          "qaoa_params": {
            "gammas": [
              0.28202037997806956,
              0.1816434780873859
            ],
            "betas": [
              0.03511606336328105,
              0.029114979425851395
            ]
          },
          "circuit_stats": {
            "depth": 34,
            "n_gates": 93,
            "gate_counts": {
              "cx": 32,
              "u3": 22,
              "rz": 16,
              "measure": 15,
              "rx": 7,
              "barrier": 1
            },
            "n_qubits": 15,
            "n_parameters": 4,
            "de_nfev": 480,
            "de_success": true
          },
          "warm_start": "RF",
          "all_warmstarts": {
            "RF": {
              "status": "ok",
              "r2": 0.5646747134953607,
              "rmse": 23.875633914928525,
              "bias": 1.997926151441874,
              "qubo_cost": -1.4292903628463156,
              "features": [
                "canopy_height",
                "NDVI_seca",
                "NDWI_seca",
                "NDVI_RE_seca"
              ],
              "selected_size": 4,
              "subset_hash": "7652510104c58dd3",
              "qaoa_params": {
                "gammas": [
                  0.28202037997806956,
                  0.1816434780873859
                ],
                "betas": [
                  0.03511606336328105,
                  0.029114979425851395
                ]
              },
              "circuit_stats": {
                "depth": 34,
                "n_gates": 93,
                "gate_counts": {
                  "cx": 32,
                  "u3": 22,
                  "rz": 16,
                  "measure": 15,
                  "rx": 7,
                  "barrier": 1
                },
                "n_qubits": 15,
                "n_parameters": 4,
                "de_nfev": 480,
                "de_success": true
              }
            },
            "ET": {
              "status": "ok",
              "r2": 0.5646747134953607,
              "rmse": 23.875633914928525,
              "bias": 1.997926151441874,
              "qubo_cost": -1.4292903628463156,
              "features": [
                "canopy_height",
                "NDVI_seca",
                "NDWI_seca",
                "NDVI_RE_seca"
              ],
              "selected_size": 4,
              "subset_hash": "7652510104c58dd3",
              "qaoa_params": {
                "gammas": [
                  0.11826198456566073,
                  0.5234772811255185
                ],
                "betas": [
                  0.010829956385101536,
                  0.03298489334820459
                ]
              },
              "circuit_stats": {
                "depth": 34,
                "n_gates": 93,
                "gate_counts": {
                  "cx": 32,
                  "u3": 22,
                  "rz": 16,
                  "measure": 15,
                  "rx": 7,
                  "barrier": 1
                },
                "n_qubits": 15,
                "n_parameters": 4,
                "de_nfev": 520,
                "de_success": true
              }
            },
            "Exact": {
              "status": "ok",
              "r2": 0.5646747134953607,
              "rmse": 23.875633914928528,
              "bias": 1.9979261514418745,
              "qubo_cost": -1.4292903628463156,
              "features": [
                "canopy_height",
                "NDVI_seca",
                "NDWI_seca",
                "NDVI_RE_seca"
              ],
              "selected_size": 4,
              "subset_hash": "7652510104c58dd3",
              "qaoa_params": {
                "gammas": [
                  0.09753145858419476,
                  0.840860206243708
                ],
                "betas": [
                  0.03857899991413588,
                  0.03297508991104253
                ]
              },
              "circuit_stats": {
                "depth": 34,
                "n_gates": 93,
                "gate_counts": {
                  "cx": 32,
                  "u3": 22,
                  "rz": 16,
                  "measure": 15,
                  "rx": 7,
                  "barrier": 1
                },
                "n_qubits": 15,
                "n_parameters": 4,
                "de_nfev": 520,
                "de_success": false
              }
            }
          },
          "warmstart_variance": {
            "n_valid": 3,
            "r2_mean": 0.5646747134953607,
            "r2_std": 0.0,
            "cost_mean": -1.4292903628463156,
            "cost_std": 0.0,
            "n_unique_subsets": 1,
            "all_same_subset": true
          }
        }
      },
      "qubo_arrays": {
        "linear_final": [
          -0.7485066046432989,
          -0.17103599000305908,
          -0.08501630435694417,
          -0.09736995690585346,
          -0.0865152929027858,
          -0.4467874130072778,
          -0.44661732005633137,
          -0.3862433877167077,
          -0.30896447348181166,
          -0.4505453300809969,
          -0.22862529370397927,
          -0.22495030208525452,
          -0.2545812621606437,
          -0.1668499831964075,
          -0.20961893489200628
        ],
        "quad_final": [
          [
            0.0,
            0.043589024922207266,
            0.031943820664541274,
            0.04194074400025331,
            0.022057396097951463,
            0.10226417728593751,
            0.10290838533736922,
            0.09878857372192265,
            0.09090926607827131,
            0.10226417728593751,
            0.05826876814578806,
            0.07626348562979508,
            0.0825974517839414,
            0.04695007549482903,
            0.07610722212790211
          ],
          [
            0.043589024922207266,
            0.0,
            0.05345365595820639,
            0.045240145281698986,
            0.06543643398899897,
            0.04798859554690433,
            0.048932816401193124,
            0.051000458336520046,
            0.052772557668340686,
            0.04798859554690433,
            0.02886418694383855,
            0.03135606401234307,
            0.033919950836983674,
            0.05102316588859166,
            0.041229167549176014
          ],
          [
            0.031943820664541274,
            0.05345365595820639,
            0.0,
            0.09196111054480978,
            0.0399988338638628,
            0.020459426851378092,
            0.022115976440433702,
            0.02266658499326347,
            0.026014867612571647,
            0.020459426851378092,
            0.030071419967359986,
            0.020728813912682578,
            0.024314720080997856,
            0.03373679642593131,
            0.03199769483210459
          ],
          [
            0.04194074400025331,
            0.045240145281698986,
            0.09196111054480978,
            0.0,
            0.0480122810923579,
            0.028439585365523636,
            0.02753203428963648,
            0.025277450098836717,
            0.03313592231815459,
            0.028439585365523636,
            0.04463424264752011,
            0.030112539777626617,
            0.0355425440705966,
            0.03651430518465307,
            0.023225997015385372
          ],
          [
            0.022057396097951463,
            0.06543643398899897,
            0.0399988338638628,
            0.0480122810923579,
            0.0,
            0.029219602020771084,
            0.027739277723176012,
            0.032724535246021626,
            0.03730490050519277,
            0.029219602020771084,
            0.02726909295325583,
            0.027570953937293117,
            0.027021355373039412,
            0.04174759550628139,
            0.0455021378259763
          ],
          [
            0.10226417728593751,
            0.04798859554690433,
            0.020459426851378092,
            0.028439585365523636,
            0.029219602020771084,
            0.0,
            0.11786478251617245,
            0.11673360337631634,
            0.11033149354762921,
            0.12000000000000001,
            0.057879174421279364,
            0.08002376509458681,
            0.08593212187114448,
            0.0580403145553824,
            0.08423209983035064
          ],
          [
            0.10290838533736922,
            0.048932816401193124,
            0.022115976440433702,
            0.02753203428963648,
            0.027739277723176012,
            0.11786478251617245,
            0.0,
            0.1140914464110648,
            0.10732011656213061,
            0.11786478251617245,
            0.057936643635518245,
            0.0795561880886689,
            0.08551276389772153,
            0.057144572222147055,
            0.08149154539364774
          ],
          [
            0.09878857372192265,
            0.051000458336520046,
            0.02266658499326347,
            0.025277450098836717,
            0.032724535246021626,
            0.11673360337631634,
            0.1140914464110648,
            0.0,
            0.11135221174059638,
            0.11673360337631634,
            0.05705113554591448,
            0.07768228823910736,
            0.08356466578183101,
            0.06495979492150261,
            0.08260755978450811
          ],
          [
            0.09090926607827131,
            0.052772557668340686,
            0.026014867612571647,
            0.03313592231815459,
            0.03730490050519277,
            0.11033149354762921,
            0.10732011656213061,
            0.11135221174059638,
            0.0,
            0.11033149354762921,
            0.05621059908457643,
            0.06985555201566628,
            0.0765489933661928,
            0.08932098499674646,
            0.06906876219699722
          ],
          [
            0.10226417728593751,
            0.04798859554690433,
            0.020459426851378092,
            0.028439585365523636,
            0.029219602020771084,
            0.12000000000000001,
            0.11786478251617245,
            0.11673360337631634,
            0.11033149354762921,
            0.0,
            0.057879174421279364,
            0.08002376509458681,
            0.08593212187114448,
            0.0580403145553824,
            0.08423209983035064
          ],
          [
            0.05826876814578806,
            0.02886418694383855,
            0.030071419967359986,
            0.04463424264752011,
            0.02726909295325583,
            0.057879174421279364,
            0.057936643635518245,
            0.05705113554591448,
            0.05621059908457643,
            0.057879174421279364,
            0.0,
            0.037095984166444225,
            0.060488463719483326,
            0.038816567173909564,
            0.04123817513667906
          ],
          [
            0.07626348562979508,
            0.03135606401234307,
            0.020728813912682578,
            0.030112539777626617,
            0.027570953937293117,
            0.08002376509458681,
            0.0795561880886689,
            0.07768228823910736,
            0.06985555201566628,
            0.08002376509458681,
            0.037095984166444225,
            0.0,
            0.11601779675923819,
            0.03227811557068824,
            0.05956873020235667
          ],
          [
            0.0825974517839414,
            0.033919950836983674,
            0.024314720080997856,
            0.0355425440705966,
            0.027021355373039412,
            0.08593212187114448,
            0.08551276389772153,
            0.08356466578183101,
            0.0765489933661928,
            0.08593212187114448,
            0.060488463719483326,
            0.11601779675923819,
            0.0,
            0.037612862672933504,
            0.06159326057466212
          ],
          [
            0.04695007549482903,
            0.05102316588859166,
            0.03373679642593131,
            0.03651430518465307,
            0.04174759550628139,
            0.0580403145553824,
            0.057144572222147055,
            0.06495979492150261,
            0.08932098499674646,
            0.0580403145553824,
            0.038816567173909564,
            0.03227811557068824,
            0.037612862672933504,
            0.0,
            0.023647649537641417
          ],
          [
            0.07610722212790211,
            0.041229167549176014,
            0.03199769483210459,
            0.023225997015385372,
            0.0455021378259763,
            0.08423209983035064,
            0.08149154539364774,
            0.08260755978450811,
            0.06906876219699722,
            0.08423209983035064,
            0.04123817513667906,
            0.05956873020235667,
            0.06159326057466212,
            0.023647649537641417,
            0.0
          ]
        ]
      },
      "landscape": {
        "k_target": 4,
        "energy_gap_abs": 0.05002868899776414,
        "energy_gap_rel": 0.035002467167063976,
        "landscape_type": "unique_minimum",
        "convergence_heuristics": "converged_all_heuristics",
        "heuristic_hashes": {
          "Exact_Enumerated_QUBO": "7652510104c58dd3",
          "Simulated_Annealing": "7652510104c58dd3",
          "Genetic_Algorithm": "7652510104c58dd3"
        },
        "n_unique_heuristic_subsets": 1,
        "pairwise_jaccard": {
          "Exact_Enumerated_QUBO_vs_Simulated_Annealing": 1.0,
          "Exact_Enumerated_QUBO_vs_Genetic_Algorithm": 1.0,
          "Exact_Enumerated_QUBO_vs_RF_topK": 1.0,
          "Exact_Enumerated_QUBO_vs_ET_topK": 1.0,
          "Exact_Enumerated_QUBO_vs_QAOA_Simulado": 1.0,
          "Simulated_Annealing_vs_Genetic_Algorithm": 1.0,
          "Simulated_Annealing_vs_RF_topK": 1.0,
          "Simulated_Annealing_vs_ET_topK": 1.0,
          "Simulated_Annealing_vs_QAOA_Simulado": 1.0,
          "Genetic_Algorithm_vs_RF_topK": 1.0,
          "Genetic_Algorithm_vs_ET_topK": 1.0,
          "Genetic_Algorithm_vs_QAOA_Simulado": 1.0,
          "RF_topK_vs_ET_topK": 1.0,
          "RF_topK_vs_QAOA_Simulado": 1.0,
          "ET_topK_vs_QAOA_Simulado": 1.0
        }
      }
    },
    "5": {
      "penalty_lambda": 0.005,
      "penalty_search_diag": {
        "tries": [
          {
            "try_id": 0,
            "lo": 0.005,
            "hi": 0.4,
            "n_grid": 80,
            "found_exact": true,
            "pl": 0.005,
            "size": 5,
            "idx": 17200,
            "cost": -1.4009518959264298
          }
        ]
      },
      "qubo_scale": 1.0,
      "best_size_at_lambda": 5,
      "exact_hit_size_eq_k": true,
      "methods": {
        "Exact_Enumerated_QUBO": {
          "r2": 0.622290061126316,
          "rmse": 22.239610169057688,
          "bias": 1.2710473451970594,
          "features": [
            "canopy_height",
            "NDVI_seca",
            "NDWI_seca",
            "NDVI_RE_seca",
            "HV_dB"
          ],
          "indices": [
            0,
            5,
            6,
            9,
            10
          ],
          "selected_size": 5,
          "qubo_cost": -1.4009518959264298,
          "subset_hash": "4385a1ecc2b8cea5"
        },
        "Simulated_Annealing": {
          "r2": 0.6217026690925236,
          "rmse": 22.256896310624736,
          "bias": 1.4530097146174032,
          "features": [
            "canopy_height",
            "NDVI_seca",
            "NDWI_seca",
            "NDVI_RE_seca",
            "HV_dB"
          ],
          "indices": [
            0,
            5,
            6,
            9,
            10
          ],
          "selected_size": 5,
          "qubo_cost": -1.4009518959264293,
          "subset_hash": "4385a1ecc2b8cea5"
        },
        "Genetic_Algorithm": {
          "r2": 0.6157914181517814,
          "rmse": 22.43011470837872,
          "bias": 1.527655665909798,
          "features": [
            "canopy_height",
            "NDVI_seca",
            "NDWI_seca",
            "NDVI_RE_seca",
            "HV_dB"
          ],
          "indices": [
            0,
            5,
            6,
            9,
            10
          ],
          "selected_size": 5,
          "qubo_cost": -1.4009518959264298,
          "subset_hash": "4385a1ecc2b8cea5"
        },
        "RF_topK": {
          "r2": 0.5742509139335998,
          "rmse": 23.61156786049275,
          "bias": 1.943423705059138,
          "features": [
            "canopy_height",
            "NDWI_seca",
            "NDVI_RE_seca",
            "NDVI_seca",
            "NBR_seca"
          ],
          "indices": [
            0,
            6,
            9,
            5,
            7
          ],
          "selected_size": 5,
          "subset_hash": "bfe3cef028b27147"
        },
        "ET_topK": {
          "r2": 0.5653495059254987,
          "rmse": 23.857122073579465,
          "bias": 1.8807713874542389,
          "features": [
            "canopy_height",
            "NDWI_seca",
            "NDVI_RE_seca",
            "NDVI_seca",
            "NBR_seca"
          ],
          "indices": [
            0,
            6,
            9,
            5,
            7
          ],
          "selected_size": 5,
          "subset_hash": "bfe3cef028b27147"
        },
        "QAOA_Simulado": {
          "status": "ok",
          "r2": 0.6184255204379411,
          "rmse": 22.353092961239547,
          "bias": 1.6150383994904796,
          "qubo_cost": -1.4009518959264293,
          "features": [
            "canopy_height",
            "NDVI_seca",
            "NDWI_seca",
            "NDVI_RE_seca",
            "HV_dB"
          ],
          "selected_size": 5,
          "subset_hash": "4385a1ecc2b8cea5",
          "qaoa_params": {
            "gammas": [
              0.7611407968700652,
              0.27200145491078803
            ],
            "betas": [
              0.05823570590957666,
              0.01088331270529902
            ]
          },
          "circuit_stats": {
            "depth": 34,
            "n_gates": 93,
            "gate_counts": {
              "cx": 32,
              "u3": 22,
              "rz": 16,
              "measure": 15,
              "rx": 7,
              "barrier": 1
            },
            "n_qubits": 15,
            "n_parameters": 4,
            "de_nfev": 520,
            "de_success": true
          },
          "warm_start": "RF",
          "all_warmstarts": {
            "RF": {
              "status": "ok",
              "r2": 0.6184255204379411,
              "rmse": 22.353092961239547,
              "bias": 1.6150383994904796,
              "qubo_cost": -1.4009518959264293,
              "features": [
                "canopy_height",
                "NDVI_seca",
                "NDWI_seca",
                "NDVI_RE_seca",
                "HV_dB"
              ],
              "selected_size": 5,
              "subset_hash": "4385a1ecc2b8cea5",
              "qaoa_params": {
                "gammas": [
                  0.7611407968700652,
                  0.27200145491078803
                ],
                "betas": [
                  0.05823570590957666,
                  0.01088331270529902
                ]
              },
              "circuit_stats": {
                "depth": 34,
                "n_gates": 93,
                "gate_counts": {
                  "cx": 32,
                  "u3": 22,
                  "rz": 16,
                  "measure": 15,
                  "rx": 7,
                  "barrier": 1
                },
                "n_qubits": 15,
                "n_parameters": 4,
                "de_nfev": 520,
                "de_success": true
              }
            },
            "ET": {
              "status": "ok",
              "r2": 0.6184255204379412,
              "rmse": 22.353092961239543,
              "bias": 1.6150383994904796,
              "qubo_cost": -1.4009518959264293,
              "features": [
                "canopy_height",
                "NDVI_seca",
                "NDWI_seca",
                "NDVI_RE_seca",
                "HV_dB"
              ],
              "selected_size": 5,
              "subset_hash": "4385a1ecc2b8cea5",
              "qaoa_params": {
                "gammas": [
                  0.6853553389743217,
                  0.7635671876520136
                ],
                "betas": [
                  0.011057427999931368,
                  0.018718545159971345
                ]
              },
              "circuit_stats": {
                "depth": 34,
                "n_gates": 93,
                "gate_counts": {
                  "cx": 32,
                  "u3": 22,
                  "rz": 16,
                  "measure": 15,
                  "rx": 7,
                  "barrier": 1
                },
                "n_qubits": 15,
                "n_parameters": 4,
                "de_nfev": 520,
                "de_success": false
              }
            },
            "Exact": {
              "status": "ok",
              "r2": 0.6184255204379411,
              "rmse": 22.353092961239547,
              "bias": 1.6150383994904798,
              "qubo_cost": -1.4009518959264293,
              "features": [
                "canopy_height",
                "NDVI_seca",
                "NDWI_seca",
                "NDVI_RE_seca",
                "HV_dB"
              ],
              "selected_size": 5,
              "subset_hash": "4385a1ecc2b8cea5",
              "qaoa_params": {
                "gammas": [
                  0.26484415797512945,
                  0.43231943174839693
                ],
                "betas": [
                  0.011189877139897442,
                  0.0286335237445714
                ]
              },
              "circuit_stats": {
                "depth": 34,
                "n_gates": 93,
                "gate_counts": {
                  "cx": 32,
                  "u3": 22,
                  "rz": 16,
                  "measure": 15,
                  "rx": 7,
                  "barrier": 1
                },
                "n_qubits": 15,
                "n_parameters": 4,
                "de_nfev": 520,
                "de_success": false
              }
            }
          },
          "warmstart_variance": {
            "n_valid": 3,
            "r2_mean": 0.6184255204379411,
            "r2_std": 7.850462293418876e-17,
            "cost_mean": -1.4009518959264293,
            "cost_std": 0.0,
            "n_unique_subsets": 1,
            "all_same_subset": true
          }
        }
      },
      "qubo_arrays": {
        "linear_final": [
          -0.7235066046432989,
          -0.14603599000305906,
          -0.06001630435694416,
          -0.07236995690585346,
          -0.06151529290278579,
          -0.4217874130072778,
          -0.42161732005633135,
          -0.36124338771670766,
          -0.28396447348181164,
          -0.4255453300809969,
          -0.20362529370397925,
          -0.1999503020852545,
          -0.22958126216064367,
          -0.14184998319640751,
          -0.18461893489200626
        ],
        "quad_final": [
          [
            0.0,
            0.033589024922207264,
            0.021943820664541272,
            0.03194074400025331,
            0.012057396097951464,
            0.0922641772859375,
            0.09290838533736921,
            0.08878857372192264,
            0.0809092660782713,
            0.0922641772859375,
            0.04826876814578806,
            0.06626348562979507,
            0.07259745178394139,
            0.03695007549482904,
            0.0661072221279021
          ],
          [
            0.033589024922207264,
            0.0,
            0.0434536559582064,
            0.035240145281698984,
            0.055436433988998966,
            0.03798859554690433,
            0.03893281640119312,
            0.041000458336520045,
            0.042772557668340684,
            0.03798859554690433,
            0.01886418694383855,
            0.021356064012343065,
            0.023919950836983672,
            0.04102316588859166,
            0.031229167549176012
          ],
          [
            0.021943820664541272,
            0.0434536559582064,
            0.0,
            0.08196111054480977,
            0.029998833863862796,
            0.01045942685137809,
            0.012115976440433702,
            0.012666584993263473,
            0.016014867612571648,
            0.01045942685137809,
            0.020071419967359984,
            0.010728813912682579,
            0.014314720080997854,
            0.023736796425931312,
            0.021997694832104592
          ],
          [
            0.03194074400025331,
            0.035240145281698984,
            0.08196111054480977,
            0.0,
            0.0380122810923579,
            0.018439585365523637,
            0.017532034289636476,
            0.015277450098836718,
            0.023135922318154593,
            0.018439585365523637,
            0.03463424264752011,
            0.020112539777626615,
            0.0255425440705966,
            0.026514305184653066,
            0.013225997015385373
          ],
          [
            0.012057396097951464,
            0.055436433988998966,
            0.029998833863862796,
            0.0380122810923579,
            0.0,
            0.019219602020771085,
            0.01773927772317601,
            0.022724535246021624,
            0.02730490050519277,
            0.019219602020771085,
            0.01726909295325583,
            0.01757095393729312,
            0.01702135537303941,
            0.03174759550628139,
            0.035502137825976304
          ],
          [
            0.0922641772859375,
            0.03798859554690433,
            0.01045942685137809,
            0.018439585365523637,
            0.019219602020771085,
            0.0,
            0.10786478251617244,
            0.10673360337631634,
            0.1003314935476292,
            0.11,
            0.04787917442127936,
            0.0700237650945868,
            0.07593212187114447,
            0.0480403145553824,
            0.07423209983035063
          ],
          [
            0.09290838533736921,
            0.03893281640119312,
            0.012115976440433702,
            0.017532034289636476,
            0.01773927772317601,
            0.10786478251617244,
            0.0,
            0.1040914464110648,
            0.0973201165621306,
            0.10786478251617244,
            0.04793664363551824,
            0.06955618808866891,
            0.07551276389772152,
            0.04714457222214705,
            0.07149154539364774
          ],
          [
            0.08878857372192264,
            0.041000458336520045,
            0.012666584993263473,
            0.015277450098836718,
            0.022724535246021624,
            0.10673360337631634,
            0.1040914464110648,
            0.0,
            0.10135221174059637,
            0.10673360337631634,
            0.04705113554591448,
            0.06768228823910737,
            0.073564665781831,
            0.05495979492150262,
            0.0726075597845081
          ],
          [
            0.0809092660782713,
            0.042772557668340684,
            0.016014867612571648,
            0.023135922318154593,
            0.02730490050519277,
            0.1003314935476292,
            0.0973201165621306,
            0.10135221174059637,
            0.0,
            0.1003314935476292,
            0.046210599084576434,
            0.05985555201566627,
            0.06654899336619279,
            0.07932098499674645,
            0.05906876219699722
          ],
          [
            0.0922641772859375,
            0.03798859554690433,
            0.01045942685137809,
            0.018439585365523637,
            0.019219602020771085,
            0.11,
            0.10786478251617244,
            0.10673360337631634,
            0.1003314935476292,
            0.0,
            0.04787917442127936,
            0.0700237650945868,
            0.07593212187114447,
            0.0480403145553824,
            0.07423209983035063
          ],
          [
            0.04826876814578806,
            0.01886418694383855,
            0.020071419967359984,
            0.03463424264752011,
            0.01726909295325583,
            0.04787917442127936,
            0.04793664363551824,
            0.04705113554591448,
            0.046210599084576434,
            0.04787917442127936,
            0.0,
            0.027095984166444223,
            0.050488463719483324,
            0.02881656717390957,
            0.031238175136679057
          ],
          [
            0.06626348562979507,
            0.021356064012343065,
            0.010728813912682579,
            0.020112539777626615,
            0.01757095393729312,
            0.0700237650945868,
            0.06955618808866891,
            0.06768228823910737,
            0.05985555201566627,
            0.0700237650945868,
            0.027095984166444223,
            0.0,
            0.10601779675923818,
            0.02227811557068824,
            0.04956873020235667
          ],
          [
            0.07259745178394139,
            0.023919950836983672,
            0.014314720080997854,
            0.0255425440705966,
            0.01702135537303941,
            0.07593212187114447,
            0.07551276389772152,
            0.073564665781831,
            0.06654899336619279,
            0.07593212187114447,
            0.050488463719483324,
            0.10601779675923818,
            0.0,
            0.027612862672933502,
            0.051593260574662125
          ],
          [
            0.03695007549482904,
            0.04102316588859166,
            0.023736796425931312,
            0.026514305184653066,
            0.03174759550628139,
            0.0480403145553824,
            0.04714457222214705,
            0.05495979492150262,
            0.07932098499674645,
            0.0480403145553824,
            0.02881656717390957,
            0.02227811557068824,
            0.027612862672933502,
            0.0,
            0.013647649537641415
          ],
          [
            0.0661072221279021,
            0.031229167549176012,
            0.021997694832104592,
            0.013225997015385373,
            0.035502137825976304,
            0.07423209983035063,
            0.07149154539364774,
            0.0726075597845081,
            0.05906876219699722,
            0.07423209983035063,
            0.031238175136679057,
            0.04956873020235667,
            0.051593260574662125,
            0.013647649537641415,
            0.0
          ]
        ]
      },
      "landscape": {
        "k_target": 5,
        "energy_gap_abs": 0.006623879530901489,
        "energy_gap_rel": 0.004728127746682181,
        "landscape_type": "near_degenerate",
        "convergence_heuristics": "converged_all_heuristics",
        "heuristic_hashes": {
          "Exact_Enumerated_QUBO": "4385a1ecc2b8cea5",
          "Simulated_Annealing": "4385a1ecc2b8cea5",
          "Genetic_Algorithm": "4385a1ecc2b8cea5"
        },
        "n_unique_heuristic_subsets": 1,
        "pairwise_jaccard": {
          "Exact_Enumerated_QUBO_vs_Simulated_Annealing": 1.0,
          "Exact_Enumerated_QUBO_vs_Genetic_Algorithm": 1.0,
          "Exact_Enumerated_QUBO_vs_RF_topK": 0.6667,
          "Exact_Enumerated_QUBO_vs_ET_topK": 0.6667,
          "Exact_Enumerated_QUBO_vs_QAOA_Simulado": 1.0,
          "Simulated_Annealing_vs_Genetic_Algorithm": 1.0,
          "Simulated_Annealing_vs_RF_topK": 0.6667,
          "Simulated_Annealing_vs_ET_topK": 0.6667,
          "Simulated_Annealing_vs_QAOA_Simulado": 1.0,
          "Genetic_Algorithm_vs_RF_topK": 0.6667,
          "Genetic_Algorithm_vs_ET_topK": 0.6667,
          "Genetic_Algorithm_vs_QAOA_Simulado": 1.0,
          "RF_topK_vs_ET_topK": 1.0,
          "RF_topK_vs_QAOA_Simulado": 0.6667,
          "ET_topK_vs_QAOA_Simulado": 0.6667
        }
      }
    },
    "6": {
      "penalty_lambda": 0.015,
      "penalty_search_diag": {
        "tries": [
          {
            "try_id": 0,
            "lo": 0.005,
            "hi": 0.4,
            "n_grid": 80,
            "found_exact": true,
            "pl": 0.015,
            "size": 6,
            "idx": 21296,
            "cost": -1.8059181295082827
          }
        ]
      },
      "qubo_scale": 1.0,
      "best_size_at_lambda": 6,
      "exact_hit_size_eq_k": true,
      "methods": {
        "Exact_Enumerated_QUBO": {
          "r2": 0.644912693007531,
          "rmse": 21.563315541410503,
          "bias": 0.863238479258137,
          "features": [
            "canopy_height",
            "clay_pct",
            "NDVI_seca",
            "NDWI_seca",
            "NDVI_RE_seca",
            "HV_dB"
          ],
          "indices": [
            0,
            2,
            5,
            6,
            9,
            10
          ],
          "selected_size": 6,
          "qubo_cost": -1.8059181295082827,
          "subset_hash": "56a13247b18b50b8"
        },
        "Simulated_Annealing": {
          "r2": 0.6525835843334229,
          "rmse": 21.329129527614626,
          "bias": 1.0282633504666019,
          "features": [
            "canopy_height",
            "clay_pct",
            "NDVI_seca",
            "NDWI_seca",
            "NDVI_RE_seca",
            "HV_dB"
          ],
          "indices": [
            0,
            2,
            5,
            6,
            9,
            10
          ],
          "selected_size": 6,
          "qubo_cost": -1.8059181295082827,
          "subset_hash": "56a13247b18b50b8"
        },
        "Genetic_Algorithm": {
          "r2": 0.6596542469754766,
          "rmse": 21.110967239943704,
          "bias": 0.9481983935624783,
          "features": [
            "canopy_height",
            "clay_pct",
            "NDVI_seca",
            "NDWI_seca",
            "NDVI_RE_seca",
            "HV_dB"
          ],
          "indices": [
            0,
            2,
            5,
            6,
            9,
            10
          ],
          "selected_size": 6,
          "qubo_cost": -1.8059181295082827,
          "subset_hash": "56a13247b18b50b8"
        },
        "RF_topK": {
          "r2": 0.6072598655909578,
          "rmse": 22.677783569025436,
          "bias": 1.4166804620691857,
          "features": [
            "canopy_height",
            "NDWI_seca",
            "NDVI_RE_seca",
            "NDVI_seca",
            "NBR_seca",
            "HV_dB"
          ],
          "indices": [
            0,
            6,
            9,
            5,
            7,
            10
          ],
          "selected_size": 6,
          "subset_hash": "b8cfd4adfeadb324"
        },
        "ET_topK": {
          "r2": 0.5716372714165416,
          "rmse": 23.68393181570366,
          "bias": 1.9502670212168949,
          "features": [
            "canopy_height",
            "NDWI_seca",
            "NDVI_RE_seca",
            "NDVI_seca",
            "NBR_seca",
            "EVI_seca"
          ],
          "indices": [
            0,
            6,
            9,
            5,
            7,
            8
          ],
          "selected_size": 6,
          "subset_hash": "b3bdb3101eab6d6f"
        },
        "QAOA_Simulado": {
          "status": "ok",
          "r2": 0.6573151650827639,
          "rmse": 21.18338731211807,
          "bias": 0.6793908838496593,
          "qubo_cost": -1.8059181295082827,
          "features": [
            "canopy_height",
            "clay_pct",
            "NDVI_seca",
            "NDWI_seca",
            "NDVI_RE_seca",
            "HV_dB"
          ],
          "selected_size": 6,
          "subset_hash": "56a13247b18b50b8",
          "qaoa_params": {
            "gammas": [
              0.6935581058924007,
              0.909298332540291
            ],
            "betas": [
              0.0263916902590155,
              0.03796126338753203
            ]
          },
          "circuit_stats": {
            "depth": 34,
            "n_gates": 93,
            "gate_counts": {
              "cx": 32,
              "u3": 22,
              "rz": 16,
              "measure": 15,
              "rx": 7,
              "barrier": 1
            },
            "n_qubits": 15,
            "n_parameters": 4,
            "de_nfev": 440,
